Temp
37.5547949467525
37.9548512126872
33.8282278062672
36.1577186067636
37.4214820119944
33.9243527485598
31.0205001713284
37.3573851209154
37.743956522717
39.1542750903298
38.6502855455818
29.8527009328724
33.610910838459
35.1632180540325
32.5911231462854
33.4763601272634
33.3680746993592
32.7826314594521
33.274934798138
33.3838312450195
30.7810283289251
35.3923687952737
33.5116605727349
39.8420905712721
34.3041746682202
39.1299683660762
33.488949136661
34.7340501407564
35.8851655635518
37.6006793829363
